155.839705754928
464.126388428326
-214.881642628406
-98.8063451577007
-149.8845663601
469.107625954835
5.3677380193806
60.2041927111355
308.377797532071
298.088680880186
-104.488522909809
-341.883629578112
-78.0683908867968
180.376030222222
-318.607183101404
74.071665158063
-247.395150573643
459.309643052663
-493.528413608451
301.10945368051
446.440706112162
-49.6418080039517
-465.666112837692
235.508717550202
56.4215109746072
-479.373121291107
434.669504887271
-56.1922022058592
468.539612141689
196.032831206933
13.908995010382
433.008444822397
33.2792450703118
-384.635759271977
-254.80375028439
-128.911247123923
-213.30133785042
64.3574218686472
166.037620831764
397.824485909578
140.91289475137
336.259025886775
-449.445030088278
170.904515804678
365.444630786518
3.4194571787582
-87.0262945843983
427.892862429327
-75.0615608408402
300.17083727716
-106.330148044662
-323.460742710373
-244.532695841292
-117.677818500287
-256.42312987867
373.406272095352
-364.856470553138
-231.216149681348
-328.745907905859
-271.621384892436
193.629089458207
-169.329321347796
85.8256662119299
-214.602444506065
-70.6060389888501
113.626153949474
-475.504549202744
19.2276644745039
-417.898734072642
-200.630544294897
21.7286400090571
-298.906312684951
46.4594780301952
338.360041588247
124.628858291837
266.673496037104
442.045991869199
476.171192441215
-291.277270540724
382.350721371989
-463.141937694578
-352.011279564356
293.617050736033
-380.622126729983
-235.092349697413
-328.832794133962
-420.197770746517
-392.500216447516
-30.4000040234067
-220.128978440132
59.2251402527211
269.657095247254
359.756337700298
53.5670219858023
-248.14698843106
392.796757180615
-12.2680830691327
192.441289806944
446.533113922241
166.584375364978
