-214.881642628406
-98.8063451577007
-149.8845663601
-104.488522909809
-341.883629578112
-78.0683908867968
-318.607183101404
-247.395150573643
-493.528413608451
-49.6418080039517
-465.666112837692
-479.373121291107
-56.1922022058592
-384.635759271977
-254.80375028439
-128.911247123923
-213.30133785042
-449.445030088278
-87.0262945843983
-75.0615608408402
-106.330148044662
-323.460742710373
-244.532695841292
-117.677818500287
-256.42312987867
-364.856470553138
-231.216149681348
-328.745907905859
-271.621384892436
-169.329321347796
-214.602444506065
-70.6060389888501
-475.504549202744
-417.898734072642
-200.630544294897
-298.906312684951
-291.277270540724
-463.141937694578
-352.011279564356
-380.622126729983
-235.092349697413
-328.832794133962
-420.197770746517
-392.500216447516
-30.4000040234067
-220.128978440132
-248.14698843106
-12.2680830691327
