155.839705754928
464.126388428326
469.107625954835
5.3677380193806
60.2041927111355
308.377797532071
298.088680880186
180.376030222222
74.071665158063
459.309643052663
301.10945368051
446.440706112162
235.508717550202
56.4215109746072
434.669504887271
468.539612141689
196.032831206933
13.908995010382
433.008444822397
33.2792450703118
64.3574218686472
166.037620831764
397.824485909578
140.91289475137
336.259025886775
170.904515804678
365.444630786518
3.4194571787582
427.892862429327
300.17083727716
373.406272095352
193.629089458207
85.8256662119299
113.626153949474
19.2276644745039
21.7286400090571
46.4594780301952
338.360041588247
124.628858291837
266.673496037104
442.045991869199
476.171192441215
382.350721371989
293.617050736033
59.2251402527211
269.657095247254
359.756337700298
53.5670219858023
392.796757180615
192.441289806944
446.533113922241
166.584375364978
